scanTime,CH1,CH2,CH3,CH4,id1,flag1,x1,y1,id2,flag2,x2,y2,id3,flag3,x3,y3,id4,flag4,x4,y4,id5,flag5,x5,y5,button,pressure
17204,2044,2042,2046,2069,0,3,110,733,0,0,0,0,0,0,0,0,0,0,0,0,0,0,0,0,0,9
17278,2044,2043,2049,2090,0,3,110,733,0,0,0,0,0,0,0,0,0,0,0,0,0,0,0,0,0,12
17354,2050,2053,2061,2205,0,3,110,732,0,0,0,0,0,0,0,0,0,0,0,0,0,0,0,0,0,28
17423,2052,2055,2065,2234,0,3,110,732,1,3,312,577,0,0,0,0,0,0,0,0,0,0,0,0,0,4
17494,2052,2059,2068,2264,0,3,110,731,1,3,312,577,0,0,0,0,0,0,0,0,0,0,0,0,0,4
17564,2054,2062,2072,2287,0,3,110,728,1,3,312,575,0,0,0,0,0,0,0,0,0,0,0,0,0,5
17636,2055,2067,2074,2300,0,3,110,725,1,3,312,573,0,0,0,0,0,0,0,0,0,0,0,0,0,5
17706,2058,2069,2076,2307,0,3,110,721,1,3,312,569,0,0,0,0,0,0,0,0,0,0,0,0,0,6
17776,2058,2072,2076,2303,0,3,111,715,1,3,312,564,0,0,0,0,0,0,0,0,0,0,0,0,0,13
17847,2060,2075,2077,2297,0,3,113,707,1,3,313,557,0,0,0,0,0,0,0,0,0,0,0,0,0,14
17918,2060,2079,2077,2289,0,3,115,698,1,3,314,549,0,0,0,0,0,0,0,0,0,0,0,0,0,14
17991,2062,2083,2078,2280,0,3,118,687,1,3,316,539,0,0,0,0,0,0,0,0,0,0,0,0,0,0
18060,2064,2088,2079,2273,0,3,121,675,1,3,319,528,0,0,0,0,0,0,0,0,0,0,0,0,0,0
18131,2066,2095,2079,2267,0,3,125,662,1,3,322,516,0,0,0,0,0,0,0,0,0,0,0,0,0,0
18202,2069,2103,2081,2260,0,3,129,647,1,3,325,502,0,0,0,0,0,0,0,0,0,0,0,0,0,0
18273,2071,2111,2081,2252,0,3,134,632,1,3,329,487,0,0,0,0,0,0,0,0,0,0,0,0,0,0
18343,2074,2125,2082,2238,0,3,137,616,1,3,333,472,0,0,0,0,0,0,0,0,0,0,0,0,0,0
18415,2078,2137,2081,2224,0,3,141,599,1,3,337,455,0,0,0,0,0,0,0,0,0,0,0,0,0,0
18484,2079,2147,2081,2207,0,3,145,583,1,3,340,439,0,0,0,0,0,0,0,0,0,0,0,0,0,0
18555,2079,2156,2079,2187,0,3,148,566,1,3,344,422,0,0,0,0,0,0,0,0,0,0,0,0,0,0
18626,2078,2156,2074,2155,0,3,150,549,1,3,348,406,0,0,0,0,0,0,0,0,0,0,0,0,0,0
18696,2075,2149,2070,2127,0,3,153,534,1,3,351,390,0,0,0,0,0,0,0,0,0,0,0,0,0,0
18767,2070,2136,2064,2098,0,3,156,519,1,3,355,376,0,0,0,0,0,0,0,0,0,0,0,0,0,0
18837,2066,2120,2059,2071,0,3,160,505,1,3,359,362,0,0,0,0,0,0,0,0,0,0,0,0,0,0
18906,2062,2105,2055,2046,0,3,166,492,1,3,362,350,0,0,0,0,0,0,0,0,0,0,0,0,0,0
18974,2056,2088,2049,2021,0,1,166,492,1,3,367,338,0,0,0,0,0,0,0,0,0,0,0,0,0,0
19041,2052,2075,2044,2003,1,3,373,328,0,0,0,0,0,0,0,0,0,0,0,0,0,0,0,0,0,0
19111,2049,2064,2041,1988,1,1,373,328,0,0,0,0,0,0,0,0,0,0,0,0,0,0,0,0,0,0
20534,2036,2013,2045,2138,0,3,287,647,1,3,93,786,0,0,0,0,0,0,0,0,0,0,0,0,0,17
20604,2037,2013,2046,2158,0,3,287,647,1,3,93,786,0,0,0,0,0,0,0,0,0,0,0,0,0,10
20678,2038,2019,2054,2243,0,3,287,647,1,3,93,786,0,0,0,0,0,0,0,0,0,0,0,0,0,18
20749,2040,2022,2059,2295,0,3,287,647,1,3,93,786,0,0,0,0,0,0,0,0,0,0,0,0,0,23
20820,2043,2027,2064,2336,0,3,287,646,1,3,93,785,0,0,0,0,0,0,0,0,0,0,0,0,0,28
20897,2044,2030,2066,2351,0,3,287,644,1,3,93,782,0,0,0,0,0,0,0,0,0,0,0,0,0,30
20961,2045,2033,2066,2359,0,3,287,640,1,3,92,778,0,0,0,0,0,0,0,0,0,0,0,0,0,32
21035,2046,2036,2069,2358,0,3,288,634,1,3,92,773,0,0,0,0,0,0,0,0,0,0,0,0,0,32
21102,2047,2039,2069,2348,0,3,290,625,1,3,93,766,0,0,0,0,0,0,0,0,0,0,0,0,1,65
21173,2048,2043,2070,2337,0,3,293,613,1,3,94,756,0,0,0,0,0,0,0,0,0,0,0,0,1,171
21245,2050,2047,2072,2327,0,3,296,600,1,3,96,744,0,0,0,0,0,0,0,0,0,0,0,0,1,144
21315,2053,2053,2072,2317,0,3,301,583,1,3,99,729,0,0,0,0,0,0,0,0,0,0,0,0,1,111
21386,2055,2059,2073,2303,0,3,305,565,1,3,102,712,0,0,0,0,0,0,0,0,0,0,0,0,1,118
21456,2058,2070,2074,2287,0,3,310,545,1,3,106,693,0,0,0,0,0,0,0,0,0,0,0,0,1,180
21527,2062,2082,2075,2272,0,3,316,524,1,3,110,672,0,0,0,0,0,0,0,0,0,0,0,0,1,131
21602,2066,2098,2076,2255,0,3,321,502,1,3,115,650,0,0,0,0,0,0,0,0,0,0,0,0,1,156
21667,2070,2119,2077,2234,0,3,328,478,1,3,120,627,0,0,0,0,0,0,0,0,0,0,0,0,1,136
21738,2076,2150,2077,2208,0,3,334,454,1,3,126,602,0,0,0,0,0,0,0,0,0,0,0,0,1,116
21809,2081,2180,2077,2185,0,3,341,429,1,3,132,577,0,0,0,0,0,0,0,0,0,0,0,0,1,170
21879,2085,2206,2077,2159,0,3,348,405,1,3,139,553,0,0,0,0,0,0,0,0,0,0,0,0,1,121
21950,2086,2231,2071,2102,0,3,355,382,1,3,145,529,0,0,0,0,0,0,0,0,0,0,0,0,1,180
22021,2086,2231,2071,2102,0,3,362,360,1,3,151,507,0,0,0,0,0,0,0,0,0,0,0,0,1,177
22092,2084,2220,2066,2064,0,3,369,340,1,3,157,488,0,0,0,0,0,0,0,0,0,0,0,0,1,152
22163,2079,2198,2060,2029,0,3,375,323,1,3,162,471,0,0,0,0,0,0,0,0,0,0,0,0,1,138
22233,2072,2171,2054,1997,0,3,381,309,1,3,167,457,0,0,0,0,0,0,0,0,0,0,0,0,1,124
22304,2065,2145,2048,1969,0,3,385,298,1,3,174,445,0,0,0,0,0,0,0,0,0,0,0,0,1,108
22372,2059,2117,2042,1941,0,3,390,291,1,3,182,437,0,0,0,0,0,0,0,0,0,0,0,0,1,105
22437,2053,2096,2038,1920,0,3,395,287,1,1,182,437,0,0,0,0,0,0,0,0,0,0,0,0,1,130
22507,2048,2078,2034,1904,0,1,395,287,0,0,0,0,0,0,0,0,0,0,0,0,0,0,0,0,0,0
23639,2025,1975,2022,1892,0,3,313,633,0,0,0,0,0,0,0,0,0,0,0,0,0,0,0,0,0,0
23714,2025,1975,2024,1895,0,3,313,633,0,0,0,0,0,0,0,0,0,0,0,0,0,0,0,0,0,0
23787,2026,1977,2027,1935,0,3,313,633,0,0,0,0,0,0,0,0,0,0,0,0,0,0,0,0,0,0
23858,2027,1979,2030,1969,0,3,313,633,1,3,102,785,0,0,0,0,0,0,0,0,0,0,0,0,0,0
23929,2029,1984,2035,2014,0,3,313,633,1,3,102,785,0,0,0,0,0,0,0,0,0,0,0,0,0,0
24000,2030,1987,2038,2055,0,3,313,633,1,3,102,784,0,0,0,0,0,0,0,0,0,0,0,0,0,0
24070,2032,1989,2042,2095,0,3,314,632,1,3,102,782,0,0,0,0,0,0,0,0,0,0,0,0,0,0
24141,2033,1994,2047,2132,0,3,314,631,1,3,102,779,0,0,0,0,0,0,0,0,0,0,0,0,0,3
24211,2035,1998,2051,2163,0,3,314,629,1,3,102,776,0,0,0,0,0,0,0,0,0,0,0,0,0,5
24281,2036,2002,2055,2193,0,3,315,626,1,3,102,773,0,0,0,0,0,0,0,0,0,0,0,0,0,8
24352,2038,2006,2057,2211,0,3,315,622,1,3,102,769,0,0,0,0,0,0,0,0,0,0,0,0,0,10
24423,2039,2010,2059,2224,0,3,315,618,1,3,102,765,0,0,0,0,0,0,0,0,0,0,0,0,0,11
24494,2041,2014,2060,2228,0,3,316,612,1,3,102,759,0,0,0,0,0,0,0,0,0,0,0,0,0,12
24564,2041,2017,2062,2228,0,3,316,606,1,3,102,753,0,0,0,0,0,0,0,0,0,0,0,0,0,13
24635,2043,2021,2063,2227,0,3,317,598,1,3,102,746,0,0,0,0,0,0,0,0,0,0,0,0,0,0
24707,2045,2024,2064,2228,0,3,317,590,1,3,103,739,0,0,0,0,0,0,0,0,0,0,0,0,0,0
24779,2046,2029,2065,2232,0,3,318,581,1,3,103,731,0,0,0,0,0,0,0,0,0,0,0,0,0,0
24848,2049,2037,2068,2241,0,3,318,571,1,3,104,722,0,0,0,0,0,0,0,0,0,0,0,0,0,0
24918,2052,2044,2072,2251,0,3,319,561,1,3,104,712,0,0,0,0,0,0,0,0,0,0,0,0,0,0
24989,2055,2054,2073,2265,0,3,320,549,1,3,105,701,0,0,0,0,0,0,0,0,0,0,0,0,0,0
25060,2059,2066,2078,2278,0,3,321,536,1,3,106,688,0,0,0,0,0,0,0,0,0,0,0,0,0,0
25130,2064,2082,2082,2292,0,3,322,523,1,3,107,675,0,0,0,0,0,0,0,0,0,0,0,0,0,0
25201,2070,2099,2086,2299,0,3,324,509,1,3,108,660,0,0,0,0,0,0,0,0,0,0,0,0,0,0
25272,2075,2114,2088,2299,0,3,326,494,1,3,110,645,0,0,0,0,0,0,0,0,0,0,0,0,0,0
25343,2078,2130,2090,2292,0,3,328,479,1,3,111,630,0,0,0,0,0,0,0,0,0,0,0,0,0,0
25413,2081,2143,2090,2278,0,3,330,464,1,3,113,614,0,0,0,0,0,0,0,0,0,0,0,0,0,0
25487,2083,2152,2087,2252,0,3,332,449,1,3,114,599,0,0,0,0,0,0,0,0,0,0,0,0,0,0
25555,2083,2156,2084,2225,0,3,334,435,1,3,115,585,0,0,0,0,0,0,0,0,0,0,0,0,0,0
25626,2081,2156,2080,2194,0,3,336,422,1,3,116,572,0,0,0,0,0,0,0,0,0,0,0,0,0,0
25696,2079,2151,2076,2160,0,3,338,410,1,3,117,560,0,0,0,0,0,0,0,0,0,0,0,0,0,0
25766,2075,2141,2069,2123,0,3,339,398,1,3,118,549,0,0,0,0,0,0,0,0,0,0,0,0,0,0
25839,2069,2123,2062,2077,0,3,341,388,1,3,119,539,0,0,0,0,0,0,0,0,0,0,0,0,0,0
25908,2064,2106,2056,2038,0,3,342,379,1,3,119,531,0,0,0,0,0,0,0,0,0,0,0,0,0,0
25979,2058,2090,2049,2002,0,3,343,370,1,3,120,524,0,0,0,0,0,0,0,0,0,0,0,0,0,0
26050,2053,2074,2042,1966,0,3,345,363,1,3,120,518,0,0,0,0,0,0,0,0,0,0,0,0,0,0
26118,2047,2060,2037,1936,0,3,347,355,1,3,121,514,0,0,0,0,0,0,0,0,0,0,0,0,0,0
26182,2043,2044,2032,1906,0,1,347,355,1,3,122,510,0,0,0,0,0,0,0,0,0,0,0,0,0,0
26252,2040,2033,2028,1886,1,1,122,510,0,0,0,0,0,0,0,0,0,0,0,0,0,0,0,0,0,0
27456,2024,1985,2018,1851,0,3,107,732,0,0,0,0,0,0,0,0,0,0,0,0,0,0,0,0,0,0
27529,2027,1989,2023,1900,0,3,107,732,0,0,0,0,0,0,0,0,0,0,0,0,0,0,0,0,0,0
27603,2030,1996,2031,1969,0,3,107,732,1,3,321,570,0,0,0,0,0,0,0,0,0,0,0,0,0,0
27674,2032,2001,2037,2018,0,3,107,732,1,3,321,570,0,0,0,0,0,0,0,0,0,0,0,0,0,0
27745,2035,2006,2043,2065,0,3,107,732,1,3,321,570,0,0,0,0,0,0,0,0,0,0,0,0,0,0
27816,2037,2013,2048,2113,0,3,107,732,1,3,321,570,0,0,0,0,0,0,0,0,0,0,0,0,0,0
27887,2040,2019,2054,2156,0,3,106,731,1,3,321,570,0,0,0,0,0,0,0,0,0,0,0,0,0,1
27960,2043,2025,2060,2194,0,3,106,730,1,3,321,569,0,0,0,0,0,0,0,0,0,0,0,0,0,2
28029,2045,2030,2063,2213,0,3,105,727,1,3,321,568,0,0,0,0,0,0,0,0,0,0,0,0,0,3
28101,2047,2036,2067,2229,0,3,105,724,1,3,321,566,0,0,0,0,0,0,0,0,0,0,0,0,0,3
28171,2049,2041,2069,2239,0,3,104,720,1,3,321,562,0,0,0,0,0,0,0,0,0,0,0,0,0,4
28242,2051,2047,2071,2245,0,3,104,714,1,3,322,556,0,0,0,0,0,0,0,0,0,0,0,0,0,4
28312,2054,2056,2074,2249,0,3,105,706,1,3,323,548,0,0,0,0,0,0,0,0,0,0,0,0,0,5
28386,2056,2063,2075,2251,0,3,106,696,1,3,326,538,0,0,0,0,0,0,0,0,0,0,0,0,0,0
28454,2059,2072,2076,2249,0,3,107,684,1,3,329,526,0,0,0,0,0,0,0,0,0,0,0,0,0,0
28524,2063,2081,2078,2243,0,3,110,670,1,3,332,512,0,0,0,0,0,0,0,0,0,0,0,0,0,0
28595,2066,2094,2078,2232,0,3,113,654,1,3,336,497,0,0,0,0,0,0,0,0,0,0,0,0,0,0
28666,2070,2107,2078,2219,0,3,116,636,1,3,341,480,0,0,0,0,0,0,0,0,0,0,0,0,0,0
28737,2073,2123,2077,2203,0,3,120,617,1,3,346,461,0,0,0,0,0,0,0,0,0,0,0,0,0,0
28808,2077,2140,2077,2185,0,3,124,598,1,3,351,442,0,0,0,0,0,0,0,0,0,0,0,0,0,0
28878,2079,2157,2075,2163,0,3,129,578,1,3,357,422,0,0,0,0,0,0,0,0,0,0,0,0,0,0
28949,2081,2175,2073,2137,0,3,133,557,1,3,363,402,0,0,0,0,0,0,0,0,0,0,0,0,0,0
29024,2082,2184,2070,2110,0,3,137,538,1,3,369,383,0,0,0,0,0,0,0,0,0,0,0,0,0,0
29090,2081,2186,2066,2082,0,3,141,519,1,3,376,365,0,0,0,0,0,0,0,0,0,0,0,0,0,0
29161,2078,2178,2062,2053,0,3,146,502,1,3,382,347,0,0,0,0,0,0,0,0,0,0,0,0,0,0
29232,2073,2161,2056,2021,0,3,150,487,1,3,387,332,0,0,0,0,0,0,0,0,0,0,0,0,0,0
29306,2065,2136,2050,1984,0,3,154,474,1,3,393,318,0,0,0,0,0,0,0,0,0,0,0,0,0,0
29373,2060,2114,2043,1954,0,3,159,462,1,3,398,305,0,0,0,0,0,0,0,0,0,0,0,0,0,0
29443,2054,2094,2038,1931,0,3,166,452,1,3,403,295,0,0,0,0,0,0,0,0,0,0,0,0,0,0
29507,2049,2075,2033,1911,0,3,174,443,1,3,409,286,0,0,0,0,0,0,0,0,0,0,0,0,0,0
29575,2043,2056,2029,1891,0,1,174,443,1,1,409,286,0,0,0,0,0,0,0,0,0,0,0,0,0,0
31067,2030,1991,2037,1997,0,3,350,550,1,3,147,708,0,0,0,0,0,0,0,0,0,0,0,0,0,0
31140,2035,2004,2049,2078,0,3,350,550,1,3,147,708,0,0,0,0,0,0,0,0,0,0,0,0,0,0
31212,2041,2019,2061,2166,0,3,349,549,1,3,146,706,0,0,0,0,0,0,0,0,0,0,0,0,0,4
31282,2047,2030,2070,2216,0,3,349,546,1,3,145,703,0,0,0,0,0,0,0,0,0,0,0,0,0,7
31353,2052,2043,2079,2261,0,3,348,542,1,3,144,699,0,0,0,0,0,0,0,0,0,0,0,0,0,9
31423,2058,2057,2084,2301,0,3,347,537,1,3,142,693,0,0,0,0,0,0,0,0,0,0,0,0,0,11
31494,2062,2070,2089,2327,0,3,346,529,1,3,141,685,0,0,0,0,0,0,0,0,0,0,0,0,0,13
31564,2068,2082,2094,2341,0,3,345,520,1,3,140,676,0,0,0,0,0,0,0,0,0,0,0,0,0,6
31636,2073,2097,2096,2348,0,3,344,509,1,3,139,665,0,0,0,0,0,0,0,0,0,0,0,0,0,0
31707,2077,2112,2097,2345,0,3,344,497,1,3,138,652,0,0,0,0,0,0,0,0,0,0,0,0,0,0
31778,2081,2132,2098,2333,0,3,344,482,1,3,138,638,0,0,0,0,0,0,0,0,0,0,0,0,0,0
31848,2086,2150,2097,2314,0,3,345,467,1,3,138,622,0,0,0,0,0,0,0,0,0,0,0,0,0,0
31918,2088,2171,2095,2289,0,3,346,449,1,3,139,604,0,0,0,0,0,0,0,0,0,0,0,0,0,0
31989,2091,2195,2093,2263,0,3,348,432,1,3,140,586,0,0,0,0,0,0,0,0,0,0,0,0,0,0
32060,2094,2229,2088,2227,0,3,349,413,1,3,142,566,0,0,0,0,0,0,0,0,0,0,0,0,0,0
32131,2098,2262,2086,2194,0,3,352,393,1,3,144,546,0,0,0,0,0,0,0,0,0,0,0,0,0,0
32203,2098,2289,2081,2165,0,3,355,373,1,3,146,525,0,0,0,0,0,0,0,0,0,0,0,0,0,0
32272,2102,2323,2079,2134,0,3,358,353,1,3,150,504,0,0,0,0,0,0,0,0,0,0,0,0,0,0
32343,2099,2325,2073,2094,0,3,362,332,1,3,153,482,0,0,0,0,0,0,0,0,0,0,0,0,0,0
32413,2097,2337,2066,2062,0,3,366,311,1,3,157,462,0,0,0,0,0,0,0,0,0,0,0,0,0,0
32487,2094,2335,2062,2033,0,3,371,291,1,3,163,441,0,0,0,0,0,0,0,0,0,0,0,0,0,0
32555,2088,2299,2056,2003,0,3,375,272,1,3,169,420,0,0,0,0,0,0,0,0,0,0,0,0,0,0
32625,2079,2255,2050,1973,0,3,380,255,1,3,173,404,0,0,0,0,0,0,0,0,0,0,0,0,0,0
32694,2067,2200,2040,1941,0,3,384,240,1,3,177,390,0,0,0,0,0,0,0,0,0,0,0,0,0,0
32766,2059,2160,2035,1920,0,3,388,229,1,1,177,390,0,0,0,0,0,0,0,0,0,0,0,0,0,0
32836,2052,2124,2030,1901,0,3,394,219,0,0,0,0,0,0,0,0,0,0,0,0,0,0,0,0,0,0
32905,2045,2090,2026,1885,0,3,399,213,0,0,0,0,0,0,0,0,0,0,0,0,0,0,0,0,0,0
32971,2039,2062,2022,1873,0,3,405,211,0,0,0,0,0,0,0,0,0,0,0,0,0,0,0,0,0,0
33041,2033,2032,2019,1861,0,1,405,211,0,0,0,0,0,0,0,0,0,0,0,0,0,0,0,0,0,0
34173,2013,1920,2014,1861,0,3,340,583,0,0,0,0,0,0,0,0,0,0,0,0,0,0,0,0,0,0
34247,2016,1926,2023,1945,0,3,340,583,0,0,0,0,0,0,0,0,0,0,0,0,0,0,0,0,0,0
34324,2022,1939,2038,2069,0,3,340,583,0,0,0,0,0,0,0,0,0,0,0,0,0,0,0,0,0,0
34396,2027,1949,2049,2144,0,3,340,583,1,3,126,732,0,0,0,0,0,0,0,0,0,0,0,0,0,0
34467,2030,1957,2059,2210,0,3,340,583,1,3,126,732,0,0,0,0,0,0,0,0,0,0,0,0,0,4
34538,2034,1968,2068,2272,0,3,340,582,1,3,126,732,0,0,0,0,0,0,0,0,0,0,0,0,0,8
34605,2041,1984,2080,2336,0,3,340,580,1,3,125,730,0,0,0,0,0,0,0,0,0,0,0,0,0,12
34676,2046,1996,2088,2380,0,3,340,576,1,3,125,727,0,0,0,0,0,0,0,0,0,0,0,0,0,15
34750,2052,2012,2097,2417,0,3,340,570,1,3,125,723,0,0,0,0,0,0,0,0,0,0,0,0,0,18
34817,2059,2028,2104,2451,0,3,341,563,1,3,125,716,0,0,0,0,0,0,0,0,0,0,0,0,0,21
34888,2067,2049,2113,2479,0,3,342,553,1,3,126,707,0,0,0,0,0,0,0,0,0,0,0,0,0,24
34958,2079,2079,2122,2504,0,3,344,540,1,3,128,694,0,0,0,0,0,0,0,0,0,0,0,0,0,0
35030,2088,2108,2129,2512,0,3,347,525,1,3,131,679,0,0,0,0,0,0,0,0,0,0,0,0,0,0
35100,2099,2142,2133,2507,0,3,350,508,1,3,135,662,0,0,0,0,0,0,0,0,0,0,0,0,0,0
35171,2109,2180,2136,2493,0,3,354,489,1,3,139,643,0,0,0,0,0,0,0,0,0,0,0,0,0,0
35241,2121,2232,2137,2460,0,3,358,469,1,3,143,622,0,0,0,0,0,0,0,0,0,0,0,0,0,0
35312,2131,2281,2136,2426,0,3,362,447,1,3,148,601,0,0,0,0,0,0,0,0,0,0,0,0,0,0
35384,2140,2335,2131,2383,0,3,367,425,1,3,152,579,0,0,0,0,0,0,0,0,0,0,0,0,0,0
35456,2148,2392,2128,2338,0,3,372,403,1,3,156,556,0,0,0,0,0,0,0,0,0,0,0,0,0,0
35524,2155,2453,2122,2286,0,3,377,381,1,3,161,533,0,0,0,0,0,0,0,0,0,0,0,0,0,0
35598,2158,2490,2114,2241,0,3,382,358,1,3,166,510,0,0,0,0,0,0,0,0,0,0,0,0,0,0
35666,2160,2516,2107,2192,0,3,387,336,1,3,170,488,0,0,0,0,0,0,0,0,0,0,0,0,0,0
35737,2157,2527,2100,2151,0,3,393,314,1,3,175,466,0,0,0,0,0,0,0,0,0,0,0,0,0,0
35808,2152,2511,2090,2103,0,3,398,293,1,3,180,445,0,0,0,0,0,0,0,0,0,0,0,0,0,0
35878,2141,2473,2078,2053,0,3,403,273,1,3,184,424,0,0,0,0,0,0,0,0,0,0,0,0,0,0
35949,2128,2420,2068,2011,0,3,409,254,1,3,189,407,0,0,0,0,0,0,0,0,0,0,0,0,0,0
36019,2112,2353,2057,1968,0,3,414,238,1,3,193,391,0,0,0,0,0,0,0,0,0,0,0,0,0,0
36093,2095,2285,2046,1931,0,3,420,224,1,3,197,378,0,0,0,0,0,0,0,0,0,0,0,0,0,0
36160,2079,2222,2036,1897,0,3,425,213,1,3,204,366,0,0,0,0,0,0,0,0,0,0,0,0,0,0
36229,2064,2156,2026,1865,0,3,430,204,1,3,213,355,0,0,0,0,0,0,0,0,0,0,0,0,0,0
36298,2050,2106,2020,1841,0,3,437,197,1,1,213,355,0,0,0,0,0,0,0,0,0,0,0,0,0,0
36365,2041,2063,2014,1822,0,3,444,193,0,0,0,0,0,0,0,0,0,0,0,0,0,0,0,0,0,0
36435,2028,2016,2007,1803,0,1,444,193,0,0,0,0,0,0,0,0,0,0,0,0,0,0,0,0,0,0
37499,1991,1844,1998,1806,0,3,417,547,0,0,0,0,0,0,0,0,0,0,0,0,0,0,0,0,0,0
37571,1992,1847,2004,1830,0,3,417,547,0,0,0,0,0,0,0,0,0,0,0,0,0,0,0,0,0,0
37646,1996,1857,2014,1888,0,3,417,547,0,0,0,0,0,0,0,0,0,0,0,0,0,0,0,0,0,0
37716,2002,1867,2024,1939,0,3,417,547,1,3,205,717,0,0,0,0,0,0,0,0,0,0,0,0,0,0
37787,2005,1875,2032,1987,0,3,417,547,1,3,205,717,0,0,0,0,0,0,0,0,0,0,0,0,0,0
37858,2009,1885,2042,2042,0,3,417,548,1,3,205,717,0,0,0,0,0,0,0,0,0,0,0,0,0,0
37929,2015,1896,2053,2101,0,3,417,548,1,3,205,717,0,0,0,0,0,0,0,0,0,0,0,0,0,0
38000,2019,1907,2064,2163,0,3,417,548,1,3,204,717,0,0,0,0,0,0,0,0,0,0,0,0,0,0
38070,2026,1924,2076,2234,0,3,417,548,1,3,203,715,0,0,0,0,0,0,0,0,0,0,0,0,0,3
38141,2032,1938,2085,2283,0,3,417,548,1,3,202,713,0,0,0,0,0,0,0,0,0,0,0,0,0,5
38211,2037,1951,2092,2327,0,3,416,546,1,3,200,708,0,0,0,0,0,0,0,0,0,0,0,0,0,7
38281,2043,1966,2098,2367,0,3,416,542,1,3,199,702,0,0,0,0,0,0,0,0,0,0,0,0,0,9
38352,2051,1986,2105,2407,0,3,415,536,1,3,198,695,0,0,0,0,0,0,0,0,0,0,0,0,0,10
38423,2058,2005,2111,2427,0,3,415,527,1,3,197,685,0,0,0,0,0,0,0,0,0,0,0,0,0,5
38494,2067,2026,2115,2441,0,3,416,516,1,3,197,672,0,0,0,0,0,0,0,0,0,0,0,0,0,0
38567,2072,2044,2113,2405,0,3,417,501,1,3,198,657,0,0,0,0,0,0,0,0,0,0,0,0,0,0
38636,2087,2083,2118,2398,0,3,419,485,1,3,200,639,0,0,0,0,0,0,0,0,0,0,0,0,0,0
38706,2092,2106,2111,2336,0,3,422,465,1,3,204,618,0,0,0,0,0,0,0,0,0,0,0,0,0,0
38780,2104,2145,2114,2329,0,3,425,444,1,3,209,597,0,0,0,0,0,0,0,0,0,0,0,0,0,0
38848,2114,2179,2108,2274,0,3,429,422,1,3,217,573,0,0,0,0,0,0,0,0,0,0,0,0,0,0
38919,2116,2198,2100,2220,0,3,434,399,1,3,223,548,0,0,0,0,0,0,0,0,0,0,0,0,0,0
38989,2130,2251,2097,2187,0,3,439,375,1,3,230,523,0,0,0,0,0,0,0,0,0,0,0,0,0,0
39063,2131,2258,2088,2137,0,3,444,351,1,3,238,498,0,0,0,0,0,0,0,0,0,0,0,0,0,0
39131,2131,2269,2080,2096,0,3,450,327,1,3,243,473,0,0,0,0,0,0,0,0,0,0,0,0,0,0
39205,2132,2288,2076,2064,0,3,456,304,1,3,249,450,0,0,0,0,0,0,0,0,0,0,0,0,0,0
39273,2124,2259,2065,2015,0,3,463,282,1,3,256,428,0,0,0,0,0,0,0,0,0,0,0,0,0,0
39344,2112,2224,2054,1976,0,3,468,263,1,3,261,408,0,0,0,0,0,0,0,0,0,0,0,0,0,0
39414,2098,2186,2044,1941,0,3,474,245,1,3,266,391,0,0,0,0,0,0,0,0,0,0,0,0,0,0
39485,2084,2147,2036,1910,0,3,479,231,1,3,274,376,0,0,0,0,0,0,0,0,0,0,0,0,0,0
39555,2072,2110,2027,1884,0,3,484,218,1,3,282,362,0,0,0,0,0,0,0,0,0,0,0,0,0,0
39625,2057,2069,2018,1858,0,3,489,208,1,3,289,352,0,0,0,0,0,0,0,0,0,0,0,0,0,0
39688,2045,2038,2013,1839,0,3,495,200,1,1,289,352,0,0,0,0,0,0,0,0,0,0,0,0,0,0
39758,2036,2012,2008,1823,0,1,495,200,0,0,0,0,0,0,0,0,0,0,0,0,0,0,0,0,0,0
41176,2004,1925,2018,1943,0,3,364,543,0,0,0,0,0,0,0,0,0,0,0,0,0,0,0,0,0,0
41248,2006,1930,2023,1977,0,3,363,542,0,0,0,0,0,0,0,0,0,0,0,0,0,0,0,0,0,0
41322,2016,1951,2041,2087,0,3,363,540,0,0,0,0,0,0,0,0,0,0,0,0,0,0,0,0,0,0
41393,2020,1964,2052,2142,0,3,363,539,1,3,167,676,0,0,0,0,0,0,0,0,0,0,0,0,0,0
41465,2028,1981,2063,2207,0,3,363,536,1,3,167,676,0,0,0,0,0,0,0,0,0,0,0,0,0,2
41535,2035,1997,2071,2252,0,3,363,530,1,3,166,674,0,0,0,0,0,0,0,0,0,0,0,0,0,4
41676,2041,2012,2078,2288,0,3,363,524,1,3,165,669,0,0,0,0,0,0,0,0,0,0,0,0,0,6
41749,2048,2030,2084,2319,0,3,365,504,1,3,164,654,0,0,0,0,0,0,0,0,0,0,0,0,0,7
41818,2056,2053,2090,2343,0,3,367,492,1,3,164,643,0,0,0,0,0,0,0,0,0,0,0,0,0,3
41890,2065,2076,2094,2345,0,3,369,478,1,3,164,630,0,0,0,0,0,0,0,0,0,0,0,0,0,0
41963,2073,2102,2098,2349,0,3,372,462,1,3,165,614,0,0,0,0,0,0,0,0,0,0,0,0,0,0
42031,2080,2132,2100,2340,0,3,375,444,1,3,167,597,0,0,0,0,0,0,0,0,0,0,0,0,0,0
42102,2091,2171,2102,2315,0,3,379,425,1,3,169,577,0,0,0,0,0,0,0,0,0,0,0,0,0,0
42172,2101,2226,2102,2296,0,3,383,406,1,3,173,556,0,0,0,0,0,0,0,0,0,0,0,0,0,0
42243,2108,2270,2098,2254,0,3,387,385,1,3,177,535,0,0,0,0,0,0,0,0,0,0,0,0,0,0
42313,2118,2330,2099,2236,0,3,391,363,1,3,183,512,0,0,0,0,0,0,0,0,0,0,0,0,0,0
42384,2123,2365,2093,2193,0,3,396,341,1,3,188,488,0,0,0,0,0,0,0,0,0,0,0,0,0,0
42455,2132,2425,2091,2165,0,3,402,318,1,3,194,465,0,0,0,0,0,0,0,0,0,0,0,0,0,0
42529,2132,2436,2084,2126,0,3,408,296,1,3,200,442,0,0,0,0,0,0,0,0,0,0,0,0,0,0
42597,2137,2467,2082,2101,0,3,414,274,1,3,207,420,0,0,0,0,0,0,0,0,0,0,0,0,0,0
42667,2134,2451,2075,2066,0,3,420,253,1,3,212,398,0,0,0,0,0,0,0,0,0,0,0,0,0,0
42738,2128,2438,2068,2036,0,3,427,234,1,3,218,379,0,0,0,0,0,0,0,0,0,0,0,0,0,0
42810,2119,2395,2059,2001,0,3,433,216,1,3,224,362,0,0,0,0,0,0,0,0,0,0,0,0,0,0
42879,2106,2337,2052,1972,0,3,440,200,1,3,230,347,0,0,0,0,0,0,0,0,0,0,0,0,0,0
42948,2092,2274,2043,1946,0,3,446,188,1,3,237,335,0,0,0,0,0,0,0,0,0,0,0,0,0,0
43018,2078,2216,2036,1921,0,3,452,178,1,1,237,335,0,0,0,0,0,0,0,0,0,0,0,0,0,0
43088,2063,2152,2029,1896,0,3,460,171,0,0,0,0,0,0,0,0,0,0,0,0,0,0,0,0,0,0
43154,2052,2106,2022,1881,0,3,469,166,0,0,0,0,0,0,0,0,0,0,0,0,0,0,0,0,0,0
43224,2040,2063,2017,1865,0,1,469,166,0,0,0,0,0,0,0,0,0,0,0,0,0,0,0,0,0,0
44570,2030,2027,2013,1854,0,3,415,556,0,0,0,0,0,0,0,0,0,0,0,0,0,0,0,0,0,0
44643,1998,1870,2015,1913,0,3,415,556,0,0,0,0,0,0,0,0,0,0,0,0,0,0,0,0,0,0
44717,2005,1885,2033,2020,0,3,415,556,1,3,222,707,0,0,0,0,0,0,0,0,0,0,0,0,0,0
44789,2014,1904,2052,2119,0,3,415,556,1,3,222,706,0,0,0,0,0,0,0,0,0,0,0,0,0,0
44859,2018,1914,2060,2178,0,3,415,554,1,3,221,704,0,0,0,0,0,0,0,0,0,0,0,0,0,0
44931,2024,1929,2071,2242,0,3,415,551,1,3,220,701,0,0,0,0,0,0,0,0,0,0,0,0,0,2
45000,2030,1942,2079,2299,0,3,415,546,1,3,220,696,0,0,0,0,0,0,0,0,0,0,0,0,0,4
45071,2035,1955,2087,2347,0,3,416,539,1,3,219,689,0,0,0,0,0,0,0,0,0,0,0,0,0,5
45144,2040,1968,2093,2393,0,3,417,530,1,3,219,681,0,0,0,0,0,0,0,0,0,0,0,0,0,7
45212,2046,1984,2099,2432,0,3,419,519,1,3,219,670,0,0,0,0,0,0,0,0,0,0,0,0,0,7
45287,2056,2005,2105,2457,0,3,421,507,1,3,219,658,0,0,0,0,0,0,0,0,0,0,0,0,0,0
45354,2063,2023,2110,2465,0,3,423,492,1,3,220,643,0,0,0,0,0,0,0,0,0,0,0,0,0,0
45425,2068,2040,2108,2432,0,3,426,477,1,3,222,628,0,0,0,0,0,0,0,0,0,0,0,0,0,0
45496,2079,2070,2114,2432,0,3,430,459,1,3,226,608,0,0,0,0,0,0,0,0,0,0,0,0,0,0
45567,2087,2095,2109,2361,0,3,433,440,1,3,231,589,0,0,0,0,0,0,0,0,0,0,0,0,0,0
45638,2099,2134,2115,2357,0,3,437,420,1,3,238,568,0,0,0,0,0,0,0,0,0,0,0,0,0,0
45708,2108,2160,2108,2300,0,3,442,400,1,3,243,545,0,0,0,0,0,0,0,0,0,0,0,0,0,0
45779,2115,2187,2104,2262,0,3,447,380,1,3,250,523,0,0,0,0,0,0,0,0,0,0,0,0,0,0
45849,2128,2230,2104,2224,0,3,452,359,1,3,257,501,0,0,0,0,0,0,0,0,0,0,0,0,0,0
45923,2129,2240,2096,2176,0,3,457,338,1,3,263,480,0,0,0,0,0,0,0,0,0,0,0,0,0,0
45992,2137,2267,2093,2150,0,3,462,319,1,3,269,460,0,0,0,0,0,0,0,0,0,0,0,0,0,0
46061,2136,2269,2086,2110,0,3,468,300,1,3,275,441,0,0,0,0,0,0,0,0,0,0,0,0,0,0
46132,2129,2251,2078,2070,0,3,473,284,1,3,280,425,0,0,0,0,0,0,0,0,0,0,0,0,0,0
46203,2118,2225,2067,2026,0,3,478,271,1,3,285,411,0,0,0,0,0,0,0,0,0,0,0,0,0,0
46273,2107,2193,2058,1991,0,3,482,259,1,3,290,400,0,0,0,0,0,0,0,0,0,0,0,0,0,0
46342,2093,2156,2050,1958,0,3,487,251,1,3,294,392,0,0,0,0,0,0,0,0,0,0,0,0,0,0
46411,2080,2121,2039,1929,0,3,490,246,1,1,294,392,0,0,0,0,0,0,0,0,0,0,0,0,0,0
46482,2064,2080,2030,1899,0,3,494,243,0,0,0,0,0,0,0,0,0,0,0,0,0,0,0,0,0,0
46548,2053,2051,2022,1878,0,3,500,243,0,0,0,0,0,0,0,0,0,0,0,0,0,0,0,0,0,0
46617,2042,2025,2018,1861,0,1,500,243,0,0,0,0,0,0,0,0,0,0,0,0,0,0,0,0,0,0
47609,2034,2004,2013,1845,0,3,377,602,0,0,0,0,0,0,0,0,0,0,0,0,0,0,0,0,0,0
47682,1998,1913,2011,1914,0,3,377,602,0,0,0,0,0,0,0,0,0,0,0,0,0,0,0,0,0,0
47756,1999,1915,2012,1925,0,3,377,602,1,3,170,751,0,0,0,0,0,0,0,0,0,0,0,0,0,0
47827,2003,1924,2025,2008,0,3,377,602,1,3,170,751,0,0,0,0,0,0,0,0,0,0,0,0,0,0
47898,2006,1930,2033,2063,0,3,377,602,1,3,170,751,0,0,0,0,0,0,0,0,0,0,0,0,0,0
47969,2010,1937,2042,2120,0,3,377,602,1,3,170,751,0,0,0,0,0,0,0,0,0,0,0,0,0,0
48040,2014,1947,2052,2188,0,3,377,602,1,3,169,750,0,0,0,0,0,0,0,0,0,0,0,0,0,7
48113,2018,1954,2060,2234,0,3,377,602,1,3,169,748,0,0,0,0,0,0,0,0,0,0,0,0,0,6
48185,2021,1962,2065,2263,0,3,377,599,1,3,169,744,0,0,0,0,0,0,0,0,0,0,0,0,0,8
48252,2024,1970,2070,2285,0,3,377,595,1,3,169,739,0,0,0,0,0,0,0,0,0,0,0,0,0,10
48323,2028,1980,2076,2310,0,3,378,589,1,3,170,733,0,0,0,0,0,0,0,0,0,0,0,0,0,11
48397,2032,1990,2081,2325,0,3,380,580,1,3,171,726,0,0,0,0,0,0,0,0,0,0,0,0,0,13
48464,2037,2002,2086,2345,0,3,382,569,1,3,174,716,0,0,0,0,0,0,0,0,0,0,0,0,0,13
48536,2043,2016,2091,2353,0,3,386,555,1,3,177,703,0,0,0,0,0,0,0,0,0,0,0,0,0,0
48607,2049,2031,2096,2367,0,3,390,540,1,3,180,688,0,0,0,0,0,0,0,0,0,0,0,0,0,0
48678,2056,2052,2100,2346,0,3,394,523,1,3,184,672,0,0,0,0,0,0,0,0,0,0,0,0,0,0
48749,2066,2072,2103,2351,0,3,399,504,1,3,190,654,0,0,0,0,0,0,0,0,0,0,0,0,0,0
48823,2075,2092,2102,2306,0,3,405,484,1,3,195,633,0,0,0,0,0,0,0,0,0,0,0,0,0,0
48890,2080,2113,2101,2274,0,3,410,463,1,3,203,612,0,0,0,0,0,0,0,0,0,0,0,0,0,0
48964,2094,2155,2104,2252,0,3,416,441,1,3,212,589,0,0,0,0,0,0,0,0,0,0,0,0,0,0
49032,2102,2178,2099,2205,0,3,423,419,1,3,220,565,0,0,0,0,0,0,0,0,0,0,0,0,0,0
49103,2109,2204,2094,2170,0,3,430,397,1,3,230,541,0,0,0,0,0,0,0,0,0,0,0,0,0,0
49175,2123,2252,2096,2152,0,3,437,373,1,3,241,516,0,0,0,0,0,0,0,0,0,0,0,0,0,0
49248,2128,2269,2090,2112,0,3,444,350,1,3,249,492,0,0,0,0,0,0,0,0,0,0,0,0,0,0
49316,2130,2279,2081,2067,0,3,451,329,1,3,258,469,0,0,0,0,0,0,0,0,0,0,0,0,0,0
49387,2134,2297,2078,2042,0,3,457,308,1,3,268,447,0,0,0,0,0,0,0,0,0,0,0,0,0,0
49458,2132,2286,2070,2010,0,3,464,289,1,3,276,427,0,0,0,0,0,0,0,0,0,0,0,0,0,0
49527,2123,2259,2062,1977,0,3,470,273,1,3,282,411,0,0,0,0,0,0,0,0,0,0,0,0,0,0
49596,2108,2221,2052,1945,0,3,476,260,1,1,282,411,0,0,0,0,0,0,0,0,0,0,0,0,0,0
49667,2091,2173,2040,1909,0,3,481,249,0,0,0,0,0,0,0,0,0,0,0,0,0,0,0,0,0,0
49738,2079,2137,2032,1887,0,3,488,242,0,0,0,0,0,0,0,0,0,0,0,0,0,0,0,0,0,0
49807,2065,2103,2025,1867,0,3,496,236,0,0,0,0,0,0,0,0,0,0,0,0,0,0,0,0,0,0
49873,2054,2072,2018,1849,0,3,505,234,0,0,0,0,0,0,0,0,0,0,0,0,0,0,0,0,0,0
49943,2042,2040,2012,1831,0,1,505,234,0,0,0,0,0,0,0,0,0,0,0,0,0,0,0,0,0,0
51436,2033,2017,2008,1821,0,3,302,618,1,3,110,757,0,0,0,0,0,0,0,0,0,0,0,0,0,0
51508,2008,1939,2025,2085,0,3,302,617,1,3,110,757,0,0,0,0,0,0,0,0,0,0,0,0,0,0
51582,2013,1949,2034,2160,0,3,302,613,1,3,111,753,0,0,0,0,0,0,0,0,0,0,0,0,0,0
51655,2019,1965,2049,2280,0,3,302,605,1,3,113,744,0,0,0,0,0,0,0,0,0,0,0,0,0,7
51723,2025,1980,2059,2309,0,3,302,594,1,3,116,734,0,0,0,0,0,0,0,0,0,0,0,0,0,10
51793,2034,2001,2073,2397,0,3,303,579,1,3,121,720,0,0,0,0,0,0,0,0,0,0,0,0,0,14
51865,2041,2020,2079,2395,0,3,305,563,1,3,125,703,0,0,0,0,0,0,0,0,0,0,0,0,0,0
51936,2049,2042,2086,2435,0,3,307,544,1,3,131,684,0,0,0,0,0,0,0,0,0,0,0,0,0,0
52007,2062,2077,2096,2438,0,3,311,523,1,3,137,662,0,0,0,0,0,0,0,0,0,0,0,0,0,0
52081,2072,2117,2102,2446,0,3,314,501,1,3,143,639,0,0,0,0,0,0,0,0,0,0,0,0,0,0
52149,2084,2161,2106,2413,0,3,319,477,1,3,148,615,0,0,0,0,0,0,0,0,0,0,0,0,0,0
52219,2096,2216,2112,2404,0,3,323,453,1,3,154,590,0,0,0,0,0,0,0,0,0,0,0,0,0,0
52366,2106,2275,2110,2363,0,3,333,403,1,3,165,540,0,0,0,0,0,0,0,0,0,0,0,0,0,0
52432,2118,2355,2113,2337,0,3,339,379,1,3,171,515,0,0,0,0,0,0,0,0,0,0,0,0,0,0
52502,2125,2432,2109,2289,0,3,344,356,1,3,176,491,0,0,0,0,0,0,0,0,0,0,0,0,0,0
52573,2131,2491,2104,2245,0,3,349,334,1,3,181,469,0,0,0,0,0,0,0,0,0,0,0,0,0,0
52644,2133,2529,2100,2208,0,3,354,313,1,3,186,448,0,0,0,0,0,0,0,0,0,0,0,0,0,0
52714,2131,2540,2093,2164,0,3,359,294,1,3,190,429,0,0,0,0,0,0,0,0,0,0,0,0,0,0
52785,2121,2504,2083,2111,0,3,365,278,1,3,195,413,0,0,0,0,0,0,0,0,0,0,0,0,0,0
52855,2113,2462,2075,2071,0,3,370,263,1,3,199,399,0,0,0,0,0,0,0,0,0,0,0,0,0,0
52924,2101,2397,2064,2028,0,3,375,252,1,3,204,388,0,0,0,0,0,0,0,0,0,0,0,0,0,0
52988,2087,2328,2055,1990,0,3,382,243,1,1,204,388,0,0,0,0,0,0,0,0,0,0,0,0,0,0
53058,2072,2249,2043,1948,0,1,382,243,0,0,0,0,0,0,0,0,0,0,0,0,0,0,0,0,0,0
54331,2060,2193,2036,1920,0,3,335,622,0,0,0,0,0,0,0,0,0,0,0,0,0,0,0,0,0,0
54404,2052,2143,2030,1895,0,3,335,622,0,0,0,0,0,0,0,0,0,0,0,0,0,0,0,0,0,0
54479,2003,1862,2009,1877,0,3,335,622,1,3,135,764,0,0,0,0,0,0,0,0,0,0,0,0,0,0
54549,2002,1863,2010,1887,0,3,335,622,1,3,135,764,0,0,0,0,0,0,0,0,0,0,0,0,0,0
54620,2007,1871,2020,1966,0,3,335,622,1,3,135,764,0,0,0,0,0,0,0,0,0,0,0,0,0,0
54691,2009,1877,2025,2013,0,3,335,622,1,3,135,763,0,0,0,0,0,0,0,0,0,0,0,0,0,0
54762,2011,1883,2030,2060,0,3,335,622,1,3,134,762,0,0,0,0,0,0,0,0,0,0,0,0,0,0
54833,2015,1889,2037,2110,0,3,335,621,1,3,134,761,0,0,0,0,0,0,0,0,0,0,0,0,0,0
54903,2017,1897,2042,2157,0,3,335,619,1,3,133,758,0,0,0,0,0,0,0,0,0,0,0,0,0,0
54975,2019,1905,2047,2201,0,3,334,616,1,3,132,753,0,0,0,0,0,0,0,0,0,0,0,0,0,0
55045,2022,1913,2052,2227,0,3,334,609,1,3,132,746,0,0,0,0,0,0,0,0,0,0,0,0,0,2
55116,2025,1922,2057,2256,0,3,335,600,1,3,132,738,0,0,0,0,0,0,0,0,0,0,0,0,0,4
55187,2028,1931,2062,2277,0,3,336,589,1,3,132,728,0,0,0,0,0,0,0,0,0,0,0,0,0,5
55258,2033,1945,2068,2300,0,3,337,576,1,3,133,715,0,0,0,0,0,0,0,0,0,0,0,0,0,7
55332,2037,1956,2072,2316,0,3,340,560,1,3,135,701,0,0,0,0,0,0,0,0,0,0,0,0,0,0
55401,2042,1971,2078,2329,0,3,343,543,1,3,138,684,0,0,0,0,0,0,0,0,0,0,0,0,0,0
55471,2049,1989,2083,2340,0,3,346,525,1,3,141,666,0,0,0,0,0,0,0,0,0,0,0,0,0,0
55543,2057,2013,2088,2341,0,3,350,504,1,3,145,646,0,0,0,0,0,0,0,0,0,0,0,0,0,0
55612,2065,2037,2091,2331,0,3,355,483,1,3,149,625,0,0,0,0,0,0,0,0,0,0,0,0,0,0
55682,2073,2067,2096,2322,0,3,359,461,1,3,153,604,0,0,0,0,0,0,0,0,0,0,0,0,0,0
55753,2079,2098,2096,2299,0,3,364,438,1,3,157,580,0,0,0,0,0,0,0,0,0,0,0,0,0,0
55823,2090,2143,2098,2271,0,3,369,415,1,3,163,558,0,0,0,0,0,0,0,0,0,0,0,0,0,0
55897,2100,2198,2098,2246,0,3,374,393,1,3,168,533,0,0,0,0,0,0,0,0,0,0,0,0,0,0
55964,2107,2243,2096,2205,0,3,378,370,1,3,174,511,0,0,0,0,0,0,0,0,0,0,0,0,0,0
56035,2115,2295,2095,2183,0,3,383,349,1,3,180,488,0,0,0,0,0,0,0,0,0,0,0,0,0,0
56105,2118,2325,2089,2143,0,3,388,328,1,3,186,467,0,0,0,0,0,0,0,0,0,0,0,0,0,0
56176,2120,2348,2086,2115,0,3,393,310,1,3,191,449,0,0,0,0,0,0,0,0,0,0,0,0,0,0
56247,2116,2343,2078,2071,0,3,397,294,1,3,196,434,0,0,0,0,0,0,0,0,0,0,0,0,0,0
56317,2109,2316,2071,2036,0,3,402,280,1,3,200,421,0,0,0,0,0,0,0,0,0,0,0,0,0,0
56388,2099,2275,2063,2000,0,3,406,270,1,3,204,410,0,0,0,0,0,0,0,0,0,0,0,0,0,0
56457,2087,2228,2054,1965,0,3,411,262,1,3,210,402,0,0,0,0,0,0,0,0,0,0,0,0,0,0
56521,2074,2174,2044,1928,0,3,417,257,1,1,210,402,0,0,0,0,0,0,0,0,0,0,0,0,0,0
56591,2063,2133,2036,1902,0,1,417,257,0,0,0,0,0,0,0,0,0,0,0,0,0,0,0,0,0,0
58150,2054,2096,2030,1880,0,3,323,639,1,3,125,772,0,0,0,0,0,0,0,0,0,0,0,0,0,0
58222,2047,2064,2024,1862,0,3,323,639,1,3,125,772,0,0,0,0,0,0,0,0,0,0,0,0,0,0
58295,2017,1924,2032,2052,0,3,322,639,1,3,125,772,0,0,0,0,0,0,0,0,0,0,0,0,0,0
58366,2017,1926,2033,2074,0,3,322,637,1,3,125,771,0,0,0,0,0,0,0,0,0,0,0,0,0,0
58437,2020,1937,2042,2160,0,3,321,634,1,3,125,769,0,0,0,0,0,0,0,0,0,0,0,0,0,0
58507,2024,1943,2048,2200,0,3,321,630,1,3,124,765,0,0,0,0,0,0,0,0,0,0,0,0,0,3
58578,2026,1949,2050,2225,0,3,320,625,1,3,124,759,0,0,0,0,0,0,0,0,0,0,0,0,0,4
58649,2027,1955,2053,2242,0,3,319,617,1,3,123,752,0,0,0,0,0,0,0,0,0,0,0,0,0,6
58721,2030,1962,2056,2253,0,3,319,607,1,3,123,742,0,0,0,0,0,0,0,0,0,0,0,0,0,7
58861,2032,1970,2059,2260,0,3,318,581,1,3,122,718,0,0,0,0,0,0,0,0,0,0,0,0,0,8
58932,2034,1975,2060,2256,0,3,319,565,1,3,123,704,0,0,0,0,0,0,0,0,0,0,0,0,0,4
59002,2036,1983,2062,2258,0,3,320,548,1,3,124,687,0,0,0,0,0,0,0,0,0,0,0,0,0,0
59072,2040,1992,2064,2245,0,3,321,529,1,3,125,667,0,0,0,0,0,0,0,0,0,0,0,0,0,0
59143,2042,2001,2064,2236,0,3,322,509,1,3,128,647,0,0,0,0,0,0,0,0,0,0,0,0,0,0
59214,2048,2017,2068,2240,0,3,324,488,1,3,133,626,0,0,0,0,0,0,0,0,0,0,0,0,0,0
59285,2052,2031,2068,2205,0,3,327,464,1,3,138,602,0,0,0,0,0,0,0,0,0,0,0,0,0,0
59427,2054,2047,2068,2183,0,3,329,441,1,3,142,578,0,0,0,0,0,0,0,0,0,0,0,0,0,0
59501,2067,2093,2074,2194,0,3,335,392,1,3,150,527,0,0,0,0,0,0,0,0,0,0,0,0,0,0
59569,2073,2123,2075,2160,0,3,339,368,1,3,154,503,0,0,0,0,0,0,0,0,0,0,0,0,0,0
59640,2077,2166,2073,2149,0,3,342,346,1,3,159,480,0,0,0,0,0,0,0,0,0,0,0,0,0,0
59714,2088,2232,2076,2135,0,3,346,325,1,3,162,458,0,0,0,0,0,0,0,0,0,0,0,0,0,0
59783,2092,2280,2074,2100,0,3,349,306,1,3,166,440,0,0,0,0,0,0,0,0,0,0,0,0,0,0
59852,2099,2339,2076,2090,0,3,353,290,1,3,169,425,0,0,0,0,0,0,0,0,0,0,0,0,0,0
59922,2098,2355,2071,2061,0,3,356,278,1,3,173,412,0,0,0,0,0,0,0,0,0,0,0,0,0,0
59991,2095,2349,2067,2034,0,3,359,269,1,3,176,403,0,0,0,0,0,0,0,0,0,0,0,0,0,0
60060,2090,2325,2061,2004,0,3,363,263,1,1,176,403,0,0,0,0,0,0,0,0,0,0,0,0,0,0
60126,2082,2284,2055,1978,0,3,369,261,0,0,0,0,0,0,0,0,0,0,0,0,0,0,0,0,0,0
60195,2073,2237,2049,1951,0,1,369,261,0,0,0,0,0,0,0,0,0,0,0,0,0,0,0,0,0,0
61402,2066,2194,2042,1930,0,3,270,626,0,0,0,0,0,0,0,0,0,0,0,0,0,0,0,0,0,0
61477,2058,2152,2037,1911,0,3,270,626,0,0,0,0,0,0,0,0,0,0,0,0,0,0,0,0,0,0
61548,2051,2111,2032,1891,0,3,270,625,0,0,0,0,0,0,0,0,0,0,0,0,0,0,0,0,0,0
61619,2044,2079,2028,1879,0,3,270,625,1,3,68,754,0,0,0,0,0,0,0,0,0,0,0,0,0,0
61689,2017,1920,2019,1909,0,3,270,623,1,3,68,754,0,0,0,0,0,0,0,0,0,0,0,0,0,0
61761,2020,1924,2026,2002,0,3,270,620,1,3,67,752,0,0,0,0,0,0,0,0,0,0,0,0,0,0
61831,2025,1935,2038,2135,0,3,270,615,1,3,67,748,0,0,0,0,0,0,0,0,0,0,0,0,0,0
61903,2028,1941,2045,2209,0,3,269,607,1,3,67,742,0,0,0,0,0,0,0,0,0,0,0,0,0,0
61972,2031,1950,2053,2286,0,3,269,598,1,3,67,734,0,0,0,0,0,0,0,0,0,0,0,0,0,7
62042,2035,1959,2060,2345,0,3,270,587,1,3,67,724,0,0,0,0,0,0,0,0,0,0,0,0,0,12
62113,2039,1969,2068,2392,0,3,271,573,1,3,67,713,0,0,0,0,0,0,0,0,0,0,0,0,0,17
62187,2044,1982,2076,2432,0,3,272,559,1,3,68,699,0,0,0,0,0,0,0,0,0,0,0,0,0,21
62255,2048,1995,2081,2451,0,3,273,542,1,3,69,684,0,0,0,0,0,0,0,0,0,0,0,0,0,24
62329,2053,2009,2086,2461,0,3,275,525,1,3,70,667,0,0,0,0,0,0,0,0,0,0,0,0,0,12
62396,2058,2024,2091,2463,0,3,278,506,1,3,72,648,0,0,0,0,0,0,0,0,0,0,0,0,0,0
62539,2063,2040,2094,2457,0,3,283,465,1,3,75,608,0,0,0,0,0,0,0,0,0,0,0,0,0,0
62612,2068,2061,2097,2443,0,3,286,444,1,3,78,587,0,0,0,0,0,0,0,0,0,0,0,0,0,0
62680,2075,2087,2099,2419,0,3,290,422,1,3,80,565,0,0,0,0,0,0,0,0,0,0,0,0,0,0
62750,2080,2111,2100,2393,0,3,293,400,1,3,83,543,0,0,0,0,0,0,0,0,0,0,0,0,0,0
62821,2086,2142,2100,2364,0,3,297,379,1,3,85,521,0,0,0,0,0,0,0,0,0,0,0,0,0,0
62892,2093,2185,2100,2326,0,3,301,358,1,3,88,500,0,0,0,0,0,0,0,0,0,0,0,0,0,0
62964,2098,2229,2100,2292,0,3,305,339,1,3,90,481,0,0,0,0,0,0,0,0,0,0,0,0,0,0
63033,2103,2282,2097,2257,0,3,309,321,1,3,93,463,0,0,0,0,0,0,0,0,0,0,0,0,0,0
63104,2109,2340,2096,2223,0,3,313,304,1,3,96,447,0,0,0,0,0,0,0,0,0,0,0,0,0,0
63175,2113,2398,2092,2188,0,3,316,290,1,3,100,434,0,0,0,0,0,0,0,0,0,0,0,0,0,0
63245,2115,2456,2087,2144,0,3,320,278,1,3,103,423,0,0,0,0,0,0,0,0,0,0,0,0,0,0
63316,2115,2489,2084,2111,0,3,324,269,1,3,107,416,0,0,0,0,0,0,0,0,0,0,0,0,0,0
63386,2113,2504,2079,2077,0,3,327,262,1,3,111,410,0,0,0,0,0,0,0,0,0,0,0,0,0,0
63457,2110,2499,2074,2041,0,3,329,259,1,3,116,406,0,0,0,0,0,0,0,0,0,0,0,0,0,0
63528,2104,2473,2067,2007,0,3,332,257,1,3,122,405,0,0,0,0,0,0,0,0,0,0,0,0,0,0
63597,2096,2420,2060,1968,0,3,336,258,1,3,131,405,0,0,0,0,0,0,0,0,0,0,0,0,0,0
63666,2086,2365,2052,1937,0,3,342,261,1,1,131,405,0,0,0,0,0,0,0,0,0,0,0,0,0,0
63732,2076,2303,2045,1908,0,3,349,268,0,0,0,0,0,0,0,0,0,0,0,0,0,0,0,0,0,0
63801,2067,2244,2037,1883,0,1,349,268,0,0,0,0,0,0,0,0,0,0,0,0,0,0,0,0,0,0
64721,2056,2175,2031,1856,0,3,243,665,0,0,0,0,0,0,0,0,0,0,0,0,0,0,0,0,0,0
64794,2047,2125,2026,1837,0,3,243,665,0,0,0,0,0,0,0,0,0,0,0,0,0,0,0,0,0,0
64873,2040,2079,2021,1821,0,3,243,665,0,0,0,0,0,0,0,0,0,0,0,0,0,0,0,0,0,0
64943,2034,2039,2018,1809,0,3,243,665,1,3,41,786,0,0,0,0,0,0,0,0,0,0,0,0,0,0
65011,2028,2004,2015,1799,0,3,243,665,1,3,41,786,0,0,0,0,0,0,0,0,0,0,0,0,0,0
65084,2007,1845,2011,1863,0,3,243,665,1,3,41,786,0,0,0,0,0,0,0,0,0,0,0,0,0,0
65153,2008,1847,2014,1895,0,3,243,663,1,3,41,786,0,0,0,0,0,0,0,0,0,0,0,0,0,0
65227,2011,1854,2022,1979,0,3,242,658,1,3,41,785,0,0,0,0,0,0,0,0,0,0,0,0,0,0
65293,2012,1858,2026,2037,0,3,243,651,1,3,42,780,0,0,0,0,0,0,0,0,0,0,0,0,0,0
65367,2015,1865,2032,2104,0,3,243,642,1,3,44,773,0,0,0,0,0,0,0,0,0,0,0,0,0,0
65435,2017,1873,2038,2175,0,3,245,630,1,3,47,762,0,0,0,0,0,0,0,0,0,0,0,0,0,0
65506,2020,1880,2044,2237,0,3,247,615,1,3,50,750,0,0,0,0,0,0,0,0,0,0,0,0,0,0
42,2022,1889,2049,2292,0,3,250,599,1,3,53,735,0,0,0,0,0,0,0,0,0,0,0,0,0,5
113,2026,1898,2055,2344,0,3,254,581,1,3,57,719,0,0,0,0,0,0,0,0,0,0,0,0,0,10
184,2030,1910,2062,2383,0,3,258,561,1,3,62,701,0,0,0,0,0,0,0,0,0,0,0,0,0,14
258,2035,1925,2068,2410,0,3,262,541,1,3,67,681,0,0,0,0,0,0,0,0,0,0,0,0,0,7
326,2040,1939,2074,2421,0,3,268,519,1,3,72,660,0,0,0,0,0,0,0,0,0,0,0,0,0,0
400,2045,1955,2079,2423,0,3,273,496,1,3,78,637,0,0,0,0,0,0,0,0,0,0,0,0,0,0
467,2052,1975,2082,2415,0,3,279,472,1,3,84,614,0,0,0,0,0,0,0,0,0,0,0,0,0,0
538,2058,2000,2086,2395,0,3,284,448,1,3,90,590,0,0,0,0,0,0,0,0,0,0,0,0,0,0
610,2064,2024,2088,2370,0,3,290,424,1,3,96,566,0,0,0,0,0,0,0,0,0,0,0,0,0,0
679,2070,2054,2090,2342,0,3,296,400,1,3,103,542,0,0,0,0,0,0,0,0,0,0,0,0,0,0
749,2076,2085,2091,2309,0,3,303,376,1,3,109,519,0,0,0,0,0,0,0,0,0,0,0,0,0,0
820,2080,2123,2090,2271,0,3,310,354,1,3,117,497,0,0,0,0,0,0,0,0,0,0,0,0,0,0
890,2087,2169,2088,2223,0,3,318,332,1,3,125,475,0,0,0,0,0,0,0,0,0,0,0,0,0,0
961,2090,2207,2085,2182,0,3,327,312,1,3,135,455,0,0,0,0,0,0,0,0,0,0,0,0,0,0
1029,2091,2234,2081,2137,0,3,339,293,1,3,149,436,0,0,0,0,0,0,0,0,0,0,0,0,0,0
1094,2088,2238,2074,2091,0,3,356,275,1,1,149,436,0,0,0,0,0,0,0,0,0,0,0,0,0,0
1164,2081,2216,2065,2035,0,1,356,275,0,0,0,0,0,0,0,0,0,0,0,0,0,0,0,0,0,0
2935,2074,2182,2057,1989,0,3,1192,61,1,3,948,163,0,0,0,0,0,0,0,0,0,0,0,0,0,0
3007,2066,2145,2048,1948,0,3,1192,61,1,3,948,163,0,0,0,0,0,0,0,0,0,0,0,0,0,0
3081,2057,2111,2042,1913,0,3,1192,61,1,3,948,163,0,0,0,0,0,0,0,0,0,0,0,0,0,0
3152,2050,2076,2034,1879,0,3,1192,61,1,3,947,165,0,0,0,0,0,0,0,0,0,0,0,0,0,0
3222,2044,2048,2029,1854,0,3,1191,62,1,3,947,170,0,0,0,0,0,0,0,0,0,0,0,0,0,0
3293,2200,1958,2026,1851,0,3,1189,66,1,3,946,178,0,0,0,0,0,0,0,0,0,0,0,0,0,0
3363,2272,1969,2032,1863,0,3,1188,74,1,3,946,190,0,0,0,0,0,0,0,0,0,0,0,0,0,0
3434,2358,1982,2038,1874,0,3,1187,85,1,3,946,204,0,0,0,0,0,0,0,0,0,0,0,0,0,1
3506,2419,1993,2044,1883,0,3,1186,100,1,3,947,220,0,0,0,0,0,0,0,0,0,0,0,0,0,2
3580,2474,2002,2051,1890,0,3,1184,117,1,3,947,238,0,0,0,0,0,0,0,0,0,0,0,0,0,4
3647,2516,2009,2058,1898,0,3,1183,136,1,3,948,258,0,0,0,0,0,0,0,0,0,0,0,0,0,4
3718,2549,2019,2068,1909,0,3,1182,157,1,3,948,278,0,0,0,0,0,0,0,0,0,0,0,0,0,5
3789,2559,2025,2077,1920,0,3,1180,178,1,3,948,299,0,0,0,0,0,0,0,0,0,0,0,0,0,2
3929,2558,2030,2084,1928,0,3,1178,199,1,3,948,319,0,0,0,0,0,0,0,0,0,0,0,0,0,0
4070,2544,2034,2094,1936,0,3,1174,252,1,3,948,371,0,0,0,0,0,0,0,0,0,0,0,0,0,0
4140,2517,2038,2106,1947,0,3,1173,266,1,3,948,384,0,0,0,0,0,0,0,0,0,0,0,0,0,0
4211,2487,2040,2116,1955,0,3,1172,278,1,3,948,395,0,0,0,0,0,0,0,0,0,0,0,0,0,0
4282,2453,2040,2125,1962,0,3,1172,288,1,3,949,403,0,0,0,0,0,0,0,0,0,0,0,0,0,0
4352,2416,2041,2133,1969,0,3,1172,295,1,3,949,410,0,0,0,0,0,0,0,0,0,0,0,0,0,0
4420,2378,2040,2140,1976,0,3,1172,300,1,3,950,415,0,0,0,0,0,0,0,0,0,0,0,0,0,0
4485,2329,2038,2143,1982,0,3,1173,303,1,1,950,415,0,0,0,0,0,0,0,0,0,0,0,0,0,0
4555,2284,2036,2141,1985,0,1,1173,303,0,0,0,0,0,0,0,0,0,0,0,0,0,0,0,0,0,0
5759,2240,2033,2136,1988,0,3,1238,43,0,0,0,0,0,0,0,0,0,0,0,0,0,0,0,0,0,0
5831,2190,2028,2124,1988,0,3,1238,43,0,0,0,0,0,0,0,0,0,0,0,0,0,0,0,0,0,0
5905,2141,2023,2110,1987,0,3,1238,43,1,3,1007,143,0,0,0,0,0,0,0,0,0,0,0,0,0,0
5975,2085,2016,2092,1986,0,3,1238,43,1,3,1007,143,0,0,0,0,0,0,0,0,0,0,0,0,0,0
6046,2044,2012,2078,1985,0,3,1238,44,1,3,1006,146,0,0,0,0,0,0,0,0,0,0,0,0,0,0
6117,2007,2009,2066,1984,0,3,1238,46,1,3,1005,152,0,0,0,0,0,0,0,0,0,0,0,0,0,0
6187,1973,2006,2055,1983,0,3,1237,50,1,3,1005,160,0,0,0,0,0,0,0,0,0,0,0,0,0,0
6258,1943,2010,2003,1996,0,3,1236,57,1,3,1003,171,0,0,0,0,0,0,0,0,0,0,0,0,0,0
6328,1985,2015,2007,1998,0,3,1236,67,1,3,1002,183,0,0,0,0,0,0,0,0,0,0,0,0,0,0
6400,2083,2022,2010,1999,0,3,1234,79,1,3,1001,198,0,0,0,0,0,0,0,0,0,0,0,0,0,0
6470,2175,2028,2015,2001,0,3,1233,93,1,3,1000,213,0,0,0,0,0,0,0,0,0,0,0,0,0,1
6541,2291,2038,2021,2004,0,3,1232,109,1,3,999,230,0,0,0,0,0,0,0,0,0,0,0,0,0,3
6612,2419,2049,2030,2007,0,3,1231,126,1,3,997,247,0,0,0,0,0,0,0,0,0,0,0,0,0,5
6683,2559,2063,2043,2012,0,3,1230,143,1,3,996,264,0,0,0,0,0,0,0,0,0,0,0,0,0,7
6753,2667,2076,2057,2018,0,3,1229,162,1,3,995,282,0,0,0,0,0,0,0,0,0,0,0,0,0,8
6824,2752,2089,2073,2025,0,3,1228,180,1,3,995,300,0,0,0,0,0,0,0,0,0,0,0,0,0,4
6895,2810,2100,2090,2031,0,3,1227,199,1,3,994,318,0,0,0,0,0,0,0,0,0,0,0,0,0,0
6967,2843,2111,2114,2041,0,3,1226,217,1,3,994,336,0,0,0,0,0,0,0,0,0,0,0,0,0,0
7036,2842,2119,2133,2050,0,3,1225,235,1,3,995,353,0,0,0,0,0,0,0,0,0,0,0,0,0,0
7107,2821,2124,2150,2058,0,3,1225,253,1,3,996,370,0,0,0,0,0,0,0,0,0,0,0,0,0,0
7177,2778,2125,2166,2064,0,3,1225,270,1,3,998,387,0,0,0,0,0,0,0,0,0,0,0,0,0,0
7248,2721,2125,2180,2071,0,3,1225,288,1,3,1000,404,0,0,0,0,0,0,0,0,0,0,0,0,0,0
7319,2638,2120,2193,2074,0,3,1225,305,1,3,1003,421,0,0,0,0,0,0,0,0,0,0,0,0,0,0
7386,2559,2115,2197,2076,0,3,1226,322,1,3,1006,438,0,0,0,0,0,0,0,0,0,0,0,0,0,0
7451,2475,2106,2198,2076,0,3,1227,338,1,1,1006,438,0,0,0,0,0,0,0,0,0,0,0,0,0,0
7521,2390,2096,2192,2075,0,1,1227,338,0,0,0,0,0,0,0,0,0,0,0,0,0,0,0,0,0,0
9010,2289,2083,2183,2069,0,3,1288,54,0,0,0,0,0,0,0,0,0,0,0,0,0,0,0,0,0,0
9084,2207,2073,2162,2065,0,3,1288,54,0,0,0,0,0,0,0,0,0,0,0,0,0,0,0,0,0,0
9156,2129,2062,2139,2059,0,3,1288,54,1,3,1050,165,0,0,0,0,0,0,0,0,0,0,0,0,0,0
9228,2056,2052,2116,2052,0,3,1288,54,1,3,1050,165,0,0,0,0,0,0,0,0,0,0,0,0,0,0
9299,1991,2042,2095,2046,0,3,1288,55,1,3,1050,167,0,0,0,0,0,0,0,0,0,0,0,0,0,0
9370,1923,2031,2072,2040,0,3,1288,57,1,3,1049,173,0,0,0,0,0,0,0,0,0,0,0,0,0,0
9440,1875,2025,2056,2035,0,3,1287,64,1,3,1049,182,0,0,0,0,0,0,0,0,0,0,0,0,0,0
9510,1761,2004,1979,2010,0,3,1286,73,1,3,1048,194,0,0,0,0,0,0,0,0,0,0,0,0,0,0
9581,1842,2012,1986,2013,0,3,1284,85,1,3,1047,207,0,0,0,0,0,0,0,0,0,0,0,0,0,0
9653,1900,2016,1991,2014,0,3,1282,99,1,3,1046,222,0,0,0,0,0,0,0,0,0,0,0,0,0,0
9723,1951,2019,1994,2014,0,3,1280,114,1,3,1045,239,0,0,0,0,0,0,0,0,0,0,0,0,0,0
9794,2029,2026,2002,2016,0,3,1278,132,1,3,1044,256,0,0,0,0,0,0,0,0,0,0,0,0,0,0
9864,2095,2032,2009,2018,0,3,1275,150,1,3,1042,275,0,0,0,0,0,0,0,0,0,0,0,0,0,0
9935,2153,2038,2017,2020,0,3,1272,169,1,3,1041,294,0,0,0,0,0,0,0,0,0,0,0,0,0,0
10005,2201,2044,2027,2023,0,3,1269,188,1,3,1039,313,0,0,0,0,0,0,0,0,0,0,0,0,0,1
10076,2241,2053,2041,2028,0,3,1265,208,1,3,1038,332,0,0,0,0,0,0,0,0,0,0,0,0,0,0
10148,2258,2057,2053,2032,0,3,1261,227,1,3,1036,351,0,0,0,0,0,0,0,0,0,0,0,0,0,0
10217,2265,2062,2065,2036,0,3,1257,246,1,3,1035,370,0,0,0,0,0,0,0,0,0,0,0,0,0,0
10287,2263,2065,2077,2040,0,3,1253,265,1,3,1034,389,0,0,0,0,0,0,0,0,0,0,0,0,0,0
10358,2248,2066,2087,2043,0,3,1250,282,1,3,1033,407,0,0,0,0,0,0,0,0,0,0,0,0,0,0
10427,2221,2065,2097,2046,0,3,1247,298,1,3,1033,424,0,0,0,0,0,0,0,0,0,0,0,0,0,0
10491,2192,2064,2102,2049,0,3,1244,312,1,1,1033,424,0,0,0,0,0,0,0,0,0,0,0,0,0,0
10561,2156,2061,2104,2049,0,1,1244,312,0,0,0,0,0,0,0,0,0,0,0,0,0,0,0,0,0,0
11839,2119,2058,2102,2050,0,3,1023,115,1,3,1259,28,0,0,0,0,0,0,0,0,0,0,0,0,0,0
11911,2072,2052,2095,2049,0,3,1023,115,1,3,1259,28,0,0,0,0,0,0,0,0,0,0,0,0,0,0
11985,2032,2047,2085,2046,0,3,1023,115,1,3,1259,27,0,0,0,0,0,0,0,0,0,0,0,0,0,0
12055,1994,2042,2074,2042,0,3,1022,119,1,3,1259,27,0,0,0,0,0,0,0,0,0,0,0,0,0,0
12126,1960,2038,2062,2041,0,3,1021,126,1,3,1258,30,0,0,0,0,0,0,0,0,0,0,0,0,0,0
12268,1932,2033,2052,2038,0,3,1018,150,1,3,1254,42,0,0,0,0,0,0,0,0,0,0,0,0,0,0
12337,1902,2030,2041,2037,0,3,1017,166,1,3,1251,52,0,0,0,0,0,0,0,0,0,0,0,0,0,0
12480,1978,2030,2008,2024,0,3,1015,185,1,3,1248,66,0,0,0,0,0,0,0,0,0,0,0,0,0,0
12550,1985,2031,2009,2024,0,3,1011,226,1,3,1242,101,0,0,0,0,0,0,0,0,0,0,0,0,0,0
12621,2070,2036,2012,2024,0,3,1009,249,1,3,1238,122,0,0,0,0,0,0,0,0,0,0,0,0,0,0
12692,2148,2042,2017,2025,0,3,1006,273,1,3,1234,144,0,0,0,0,0,0,0,0,0,0,0,0,0,5
12762,2251,2049,2022,2027,0,3,1003,298,1,3,1230,168,0,0,0,0,0,0,0,0,0,0,0,0,0,12
12833,2334,2055,2030,2029,0,3,1000,323,1,3,1225,193,0,0,0,0,0,0,0,0,0,0,0,0,0,18
12903,2405,2065,2040,2032,0,3,996,348,1,3,1219,217,0,0,0,0,0,0,0,0,0,0,0,0,0,8
12974,2460,2073,2052,2036,0,3,992,373,1,3,1213,242,0,0,0,0,0,0,0,0,0,0,0,0,0,4
13044,2497,2079,2065,2041,0,3,988,398,1,3,1206,268,0,0,0,0,0,0,0,0,0,0,0,0,0,0
13115,2517,2087,2084,2049,0,3,984,423,1,3,1199,292,0,0,0,0,0,0,0,0,0,0,0,0,0,0
13186,2518,2093,2101,2056,0,3,979,448,1,3,1192,317,0,0,0,0,0,0,0,0,0,0,0,0,0,0
13255,2503,2095,2118,2061,0,3,974,473,1,3,1184,340,0,0,0,0,0,0,0,0,0,0,0,0,0,0
13319,2474,2096,2134,2067,0,1,974,473,1,3,1176,363,0,0,0,0,0,0,0,0,0,0,0,0,0,0
13389,2427,2095,2152,2073,1,1,1176,363,0,0,0,0,0,0,0,0,0,0,0,0,0,0,0,0,0,0
14806,2378,2092,2163,2077,0,3,1223,52,1,3,958,142,0,0,0,0,0,0,0,0,0,0,0,0,0,0
14878,2324,2088,2172,2078,0,3,1222,51,1,3,958,142,0,0,0,0,0,0,0,0,0,0,0,0,0,0
14952,2266,2083,2177,2078,0,3,1222,50,1,3,958,142,0,0,0,0,0,0,0,0,0,0,0,0,0,0
15022,2207,2076,2174,2077,0,3,1222,50,1,3,958,145,0,0,0,0,0,0,0,0,0,0,0,0,0,0
15093,2139,2067,2159,2072,0,3,1221,50,1,3,957,150,0,0,0,0,0,0,0,0,0,0,0,0,0,0
15167,2084,2060,2138,2067,0,3,1220,52,1,3,957,158,0,0,0,0,0,0,0,0,0,0,0,0,0,0
15235,2032,2053,2118,2062,0,3,1219,57,1,3,956,169,0,0,0,0,0,0,0,0,0,0,0,0,0,0
15305,1987,2046,2098,2057,0,3,1217,65,1,3,955,183,0,0,0,0,0,0,0,0,0,0,0,0,0,0
15376,1941,2038,2077,2051,0,3,1214,77,1,3,955,199,0,0,0,0,0,0,0,0,0,0,0,0,0,0
15448,2034,2038,1999,2025,0,3,1212,92,1,3,954,217,0,0,0,0,0,0,0,0,0,0,0,0,0,0
15518,2044,2038,2000,2026,0,3,1209,109,1,3,953,236,0,0,0,0,0,0,0,0,0,0,0,0,0,0
15589,2181,2049,2007,2025,0,3,1206,128,1,3,953,257,0,0,0,0,0,0,0,0,0,0,0,0,0,4
15659,2282,2059,2015,2029,0,3,1203,150,1,3,952,279,0,0,0,0,0,0,0,0,0,0,0,0,0,3
15730,2387,2069,2023,2031,0,3,1200,174,1,3,951,304,0,0,0,0,0,0,0,0,0,0,0,0,0,5
15801,2485,2079,2034,2034,0,3,1196,199,1,3,949,329,0,0,0,0,0,0,0,0,0,0,0,0,0,7
15871,2589,2094,2052,2042,0,3,1192,225,1,3,947,356,0,0,0,0,0,0,0,0,0,0,0,0,0,8
15942,2654,2104,2066,2048,0,3,1187,254,1,3,944,384,0,0,0,0,0,0,0,0,0,0,0,0,0,4
16013,2694,2113,2084,2054,0,3,1181,284,1,3,940,414,0,0,0,0,0,0,0,0,0,0,0,0,0,2
16084,2712,2120,2102,2063,0,3,1173,316,1,3,935,445,0,0,0,0,0,0,0,0,0,0,0,0,0,0
16152,2708,2126,2123,2072,0,3,1163,350,1,3,927,480,0,0,0,0,0,0,0,0,0,0,0,0,0,0
16217,2670,2128,2146,2081,0,3,1148,387,1,1,927,480,0,0,0,0,0,0,0,0,0,0,0,0,0,0
16287,2617,2125,2164,2086,0,1,1148,387,0,0,0,0,0,0,0,0,0,0,0,0,0,0,0,0,0,0
17917,2547,2121,2178,2090,0,3,364,605,1,3,123,750,0,0,0,0,0,0,0,0,0,0,0,0,0,0
17989,2468,2113,2189,2093,0,3,363,603,1,3,123,748,0,0,0,0,0,0,0,0,0,0,0,0,0,0
18062,2368,2101,2194,2093,0,3,363,597,1,3,124,744,0,0,0,0,0,0,0,0,0,0,0,0,0,0
18132,2283,2090,2189,2089,0,3,362,588,1,3,124,736,0,0,0,0,0,0,0,0,0,0,0,0,0,0
18202,2202,2079,2172,2084,0,3,362,577,1,3,125,726,0,0,0,0,0,0,0,0,0,0,0,0,0,0
18273,2127,2067,2147,2076,0,3,362,563,1,3,126,713,0,0,0,0,0,0,0,0,0,0,0,0,0,0
18345,2057,2056,2123,2069,0,3,362,547,1,3,127,698,0,0,0,0,0,0,0,0,0,0,0,0,0,0
18415,1984,2046,2097,2061,0,3,363,529,1,3,130,680,0,0,0,0,0,0,0,0,0,0,0,0,0,0
18485,1932,2037,2078,2057,0,3,364,510,1,3,132,660,0,0,0,0,0,0,0,0,0,0,0,0,0,0
18559,0,0,0,0,0,3,366,490,1,3,136,640,0,0,0,0,0,0,0,0,0,0,0,0,0,0
18628,0,0,0,0,0,3,369,469,1,3,139,618,0,0,0,0,0,0,0,0,0,0,0,0,0,0
18697,0,0,0,0,0,3,372,448,1,3,143,597,0,0,0,0,0,0,0,0,0,0,0,0,0,0
18767,0,0,0,0,0,3,375,427,1,3,147,575,0,0,0,0,0,0,0,0,0,0,0,0,0,0
18838,0,0,0,0,0,3,379,406,1,3,151,554,0,0,0,0,0,0,0,0,0,0,0,0,0,0
18909,0,0,0,0,0,3,383,388,1,3,156,536,0,0,0,0,0,0,0,0,0,0,0,0,0,0
18980,0,0,0,0,0,3,387,370,1,3,160,517,0,0,0,0,0,0,0,0,0,0,0,0,0,0
19050,0,0,0,0,0,3,392,355,1,3,164,502,0,0,0,0,0,0,0,0,0,0,0,0,0,0
19120,0,0,0,0,0,3,397,341,1,3,171,487,0,0,0,0,0,0,0,0,0,0,0,0,0,0
19184,0,0,0,0,0,3,403,329,1,3,181,474,0,0,0,0,0,0,0,0,0,0,0,0,0,0
19253,0,0,0,0,0,1,403,329,1,1,181,474,0,0,0,0,0,0,0,0,0,0,0,0,0,0
20813,0,0,0,0,0,3,97,782,0,0,0,0,0,0,0,0,0,0,0,0,0,0,0,0,0,0
20886,0,0,0,0,0,3,97,782,0,0,0,0,0,0,0,0,0,0,0,0,0,0,0,0,0,0
20959,0,0,0,0,0,3,97,782,1,3,313,642,0,0,0,0,0,0,0,0,0,0,0,0,0,0
21030,0,0,0,0,0,3,97,782,1,3,313,642,0,0,0,0,0,0,0,0,0,0,0,0,0,0
21105,0,0,0,0,0,3,97,781,1,3,312,641,0,0,0,0,0,0,0,0,0,0,0,0,0,0
21173,0,0,0,0,0,3,96,777,1,3,312,638,0,0,0,0,0,0,0,0,0,0,0,0,0,0
21243,0,0,0,0,0,3,96,773,1,3,311,633,0,0,0,0,0,0,0,0,0,0,0,0,0,0
21313,0,0,0,0,0,3,96,766,1,3,311,626,0,0,0,0,0,0,0,0,0,0,0,0,0,0
21384,0,0,0,0,0,3,96,757,1,3,310,617,0,0,0,0,0,0,0,0,0,0,0,0,0,0
21526,0,0,0,0,0,3,98,733,1,3,311,592,0,0,0,0,0,0,0,0,0,0,0,0,0,0
21597,0,0,0,0,0,3,100,718,1,3,313,576,0,0,0,0,0,0,0,0,0,0,0,0,0,0
21668,0,0,0,0,0,3,102,700,1,3,314,558,0,0,0,0,0,0,0,0,0,0,0,0,0,0
21811,0,0,0,0,0,3,108,659,1,3,319,516,0,0,0,0,0,0,0,0,0,0,0,0,0,0
21880,0,0,0,0,0,3,111,636,1,3,322,493,0,0,0,0,0,0,0,0,0,0,0,0,0,0
21951,0,0,0,0,0,3,114,612,1,3,325,468,0,0,0,0,0,0,0,0,0,0,0,0,0,0
22022,0,0,0,0,0,3,119,587,1,3,329,443,0,0,0,0,0,0,0,0,0,0,0,0,0,0
22096,0,0,0,0,0,3,123,561,1,3,333,418,0,0,0,0,0,0,0,0,0,0,0,0,0,0
22167,0,0,0,0,0,3,130,536,1,3,337,393,0,0,0,0,0,0,0,0,0,0,0,0,0,0
22235,0,0,0,0,0,3,137,509,1,3,341,368,0,0,0,0,0,0,0,0,0,0,0,0,0,0
22305,0,0,0,0,0,3,145,484,1,3,346,344,0,0,0,0,0,0,0,0,0,0,0,0,0,0
22376,0,0,0,0,0,3,152,460,1,3,351,321,0,0,0,0,0,0,0,0,0,0,0,0,0,0
22446,0,0,0,0,0,3,158,439,1,3,356,299,0,0,0,0,0,0,0,0,0,0,0,0,0,0
22517,0,0,0,0,0,3,164,421,1,3,361,281,0,0,0,0,0,0,0,0,0,0,0,0,0,0
22588,0,0,0,0,0,3,170,405,1,3,366,264,0,0,0,0,0,0,0,0,0,0,0,0,0,0
22659,0,0,0,0,0,3,175,393,1,3,372,251,0,0,0,0,0,0,0,0,0,0,0,0,0,0
22727,0,0,0,0,0,3,181,384,1,3,378,242,0,0,0,0,0,0,0,0,0,0,0,0,0,0
22792,0,0,0,0,0,1,181,384,1,3,386,235,0,0,0,0,0,0,0,0,0,0,0,0,0,0
22863,0,0,0,0,1,1,386,235,0,0,0,0,0,0,0,0,0,0,0,0,0,0,0,0,0,0

,2027,2025,2029,2032
